blue_hair                 blonde_green              blonde_red                black_red                 
  [38;2;201;179;168m[48;2;175;157;144m▀[0m[38;2;199;172;156m[48;2;186;167;146m▀[0m[38;2;202;179;164m[48;2;200;190;172m▀[0m[38;2;202;179;165m[48;2;200;190;172m▀[0m[38;2;202;179;165m[48;2;200;190;172m▀[0m[38;2;201;178;163m[48;2;197;186;167m▀[0m[38;2;196;167;152m[48;2;181;161;140m▀[0m[38;2;196;167;152m[48;2;181;161;140m▀[0m[38;2;196;167;152m[48;2;181;160;140m▀[0m[38;2;196;167;152m[48;2;181;160;140m▀[0m[38;2;196;167;152m[48;2;181;160;140m▀[0m[38;2;196;167;152m[48;2;181;160;140m▀[0m[38;2;196;167;152m[48;2;181;160;140m▀[0m[38;2;196;167;153m[48;2;181;160;140m▀[0m[38;2;199;170;155m[48;2;181;160;140m▀[0m[38;2;198;170;153m[48;2;172;151;131m▀[0m[38;2;197;167;151m[48;2;171;147;126m▀[0m[38;2;184;153;139m[48;2;139;113;101m▀[0m[38;2;167;134;122m[48;2;130;103;92m▀[0m[38;2;237;232;231m[48;2;233;229;227m▀[0m    [38;2;205;187;180m[48;2;182;169;161m▀[0m[38;2;197;168;153m[48;2;153;133;116m▀[0m[38;2;213;195;181m[48;2;183;171;153m▀[0m[38;2;212;196;182m[48;2;183;171;154m▀[0m[38;2;212;196;181m[48;2;183;171;155m▀[0m[38;2;212;196;181m[48;2;182;172;155m▀[0m[38;2;211;192;177m[48;2;177;163;148m▀[0m[38;2;206;181;164m[48;2;159;141;124m▀[0m[38;2;207;181;165m[48;2;160;141;125m▀[0m[38;2;207;181;165m[48;2;160;141;125m▀[0m[38;2;208;181;166m[48;2;160;141;125m▀[0m[38;2;208;182;165m[48;2;160;141;125m▀[0m[38;2;207;181;165m[48;2;160;141;125m▀[0m[38;2;208;181;165m[48;2;160;141;125m▀[0m[38;2;208;181;165m[48;2;160;141;125m▀[0m[38;2;208;181;165m[48;2;160;141;124m▀[0m[38;2;207;181;165m[48;2;160;141;124m▀[0m[38;2;206;179;163m[48;2;152;132;115m▀[0m[38;2;202;172;156m[48;2;150;127;111m▀[0m[38;2;186;156;141m[48;2;135;111;99m▀[0m[38;2;174;141;131m[48;2;123;97;88m▀[0m[38;2;165;133;129m[48;2;141;119;114m▀[0m     [38;2;198;181;172m[48;2;223;218;214m▀[0m[38;2;194;170;147m[48;2;155;131;118m▀[0m[38;2;220;214;194m[48;2;211;195;175m▀[0m[38;2;220;214;194m[48;2;217;209;190m▀[0m[38;2;220;214;194m[48;2;217;209;190m▀[0m[38;2;220;214;195m[48;2;217;209;190m▀[0m[38;2;213;199;178m[48;2;207;194;174m▀[0m[38;2;205;183;161m[48;2;199;179;157m▀[0m[38;2;205;183;161m[48;2;199;179;158m▀[0m[38;2;205;183;161m[48;2;199;179;158m▀[0m[38;2;205;183;161m[48;2;199;179;158m▀[0m[38;2;205;183;161m[48;2;199;179;158m▀[0m[38;2;205;183;161m[48;2;199;179;158m▀[0m[38;2;205;183;161m[48;2;199;179;158m▀[0m[38;2;205;183;161m[48;2;198;179;158m▀[0m[38;2;205;183;161m[48;2;197;176;154m▀[0m[38;2;202;180;159m[48;2;192;167;144m▀[0m[38;2;195;171;148m[48;2;187;161;140m▀[0m[38;2;181;154;135m[48;2;155;126;112m▀[0m[38;2;154;124;113m[48;2;141;109;97m▀[0m[38;2;144;114;103m[48;2;186;174;168m▀[0m    [38;2;187;160;147m[48;2;170;145;130m▀[0m[38;2;190;162;147m[48;2;206;187;165m▀[0m[38;2;191;166;152m[48;2;222;214;196m▀[0m[38;2;191;166;152m[48;2;222;215;196m▀[0m[38;2;191;166;152m[48;2;221;215;196m▀[0m[38;2;191;166;152m[48;2;221;215;196m▀[0m[38;2;191;164;150m[48;2;214;200;180m▀[0m[38;2;191;162;147m[48;2;206;184;162m▀[0m[38;2;191;162;147m[48;2;206;184;162m▀[0m[38;2;191;162;147m[48;2;206;184;162m▀[0m[38;2;191;162;147m[48;2;206;184;162m▀[0m[38;2;191;162;147m[48;2;206;184;162m▀[0m[38;2;191;162;147m[48;2;206;184;162m▀[0m[38;2;191;162;147m[48;2;206;184;162m▀[0m[38;2;191;162;147m[48;2;206;184;162m▀[0m[38;2;191;162;147m[48;2;206;184;162m▀[0m[38;2;191;162;147m[48;2;206;184;162m▀[0m[38;2;191;162;146m[48;2;201;178;156m▀[0m[38;2;190;160;145m[48;2;196;171;147m▀[0m[38;2;186;155;141m[48;2;173;145;128m▀[0m[38;2;182;151;138m[48;2;155;125;112m▀[0m[38;2;167;138;130m[48;2;151;125;116m▀[0m    
  [38;2;239;237;235m[48;2;19;19;20m▀[0m[38;2;154;128;114m[48;2;54;54;74m▀[0m[38;2;231;219;198m[48;2;160;136;130m▀[0m[38;2;243;240;219m[48;2;205;186;170m▀[0m[38;2;243;240;220m[48;2;217;200;184m▀[0m[38;2;241;236;215m[48;2;217;200;184m▀[0m[38;2;231;211;189m[48;2;214;193;175m▀[0m[38;2;231;208;185m[48;2;212;184;165m▀[0m[38;2;231;207;186m[48;2;212;184;165m▀[0m[38;2;231;207;186m[48;2;212;184;166m▀[0m[38;2;231;207;186m[48;2;212;184;165m▀[0m[38;2;231;207;186m[48;2;212;184;165m▀[0m[38;2;231;207;185m[48;2;212;183;164m▀[0m[38;2;229;205;182m[48;2;207;177;156m▀[0m[38;2;224;199;174m[48;2;207;177;157m▀[0m[38;2;218;191;166m[48;2;193;161;143m▀[0m[38;2;187;156;139m[48;2;164;128;117m▀[0m[38;2;157;126;113m[48;2;79;70;86m▀[0m[38;2;201;187;182m[48;2;29;29;30m▀[0m      [38;2;177;157;150m▀[0m[38;2;219;202;183m[48;2;189;167;160m▀[0m[38;2;246;241;222m[48;2;204;181;165m▀[0m[38;2;248;244;225m[48;2;217;201;186m▀[0m[38;2;248;244;225m[48;2;222;207;192m▀[0m[38;2;244;239;219m[48;2;221;207;192m▀[0m[38;2;234;218;194m[48;2;217;199;181m▀[0m[38;2;233;215;192m[48;2;212;189;169m▀[0m[38;2;233;215;192m[48;2;212;189;169m▀[0m[38;2;233;215;192m[48;2;212;189;169m▀[0m[38;2;233;215;192m[48;2;212;188;169m▀[0m[38;2;233;215;192m[48;2;212;189;169m▀[0m[38;2;233;215;192m[48;2;213;188;170m▀[0m[38;2;232;214;191m[48;2;210;186;167m▀[0m[38;2;232;211;188m[48;2;209;179;162m▀[0m[38;2;227;202;180m[48;2;208;179;160m▀[0m[38;2;223;197;174m[48;2;202;171;156m▀[0m[38;2;200;170;154m[48;2;162;127;117m▀[0m[38;2;168;136;125m[48;2;122;93;88m▀[0m[38;2;152;124;119m[48;2;167;161;160m▀[0m[38;2;242;240;238m▀[0m      [38;2;235;230;227m▀[0m[38;2;191;162;147m[48;2;169;162;159m▀[0m[38;2;241;229;209m[48;2;146;120;108m▀[0m[38;2;247;243;223m[48;2;195;170;151m▀[0m[38;2;248;244;223m[48;2;200;175;154m▀[0m[38;2;246;241;220m[48;2;200;175;155m▀[0m[38;2;240;219;198m[48;2;200;173;152m▀[0m[38;2;239;212;191m[48;2;195;164;143m▀[0m[38;2;239;212;192m[48;2;187;154;135m▀[0m[38;2;239;212;191m[48;2;187;154;134m▀[0m[38;2;239;212;191m[48;2;186;154;134m▀[0m[38;2;239;212;191m[48;2;197;166;144m▀[0m[38;2;239;212;191m[48;2;200;174;153m▀[0m[38;2;232;205;180m[48;2;200;175;155m▀[0m[38;2;230;203;178m[48;2;198;169;148m▀[0m[38;2;229;202;175m[48;2;147;122;109m▀[0m[38;2;191;158;142m[48;2;150;126;118m▀[0m[38;2;171;138;126m[48;2;206;191;186m▀[0m[38;2;203;187;181m▀[0m     [38;2;192;181;174m▀[0m[38;2;161;135;119m[48;2;209;192;186m▀[0m[38;2;207;194;174m[48;2;210;185;167m▀[0m[38;2;211;203;184m[48;2;251;245;225m▀[0m[38;2;211;203;184m[48;2;255;253;232m▀[0m[38;2;212;202;184m[48;2;255;253;232m▀[0m[38;2;203;188;169m[48;2;252;249;228m▀[0m[38;2;194;173;151m[48;2;245;227;206m▀[0m[38;2;194;173;151m[48;2;244;219;197m▀[0m[38;2;194;173;151m[48;2;244;219;197m▀[0m[38;2;194;173;151m[48;2;244;219;197m▀[0m[38;2;194;173;151m[48;2;244;219;197m▀[0m[38;2;194;173;151m[48;2;244;219;197m▀[0m[38;2;194;173;151m[48;2;244;219;197m▀[0m[38;2;194;173;151m[48;2;242;215;192m▀[0m[38;2;194;173;151m[48;2;237;211;185m▀[0m[38;2;190;167;145m[48;2;235;208;181m▀[0m[38;2;184;159;138m[48;2;227;199;174m▀[0m[38;2;173;147;128m[48;2;189;156;141m▀[0m[38;2;150;121;109m[48;2;166;131;119m▀[0m[38;2;134;103;93m[48;2;208;193;189m▀[0m[38;2;194;185;180m▀[0m    
[48;2;12;12;13m▄[0m[38;2;15;15;16m[48;2;34;44;72m▀[0m[38;2;34;43;70m[48;2;54;67;111m▀[0m[38;2;35;45;74m[48;2;55;68;112m▀[0m[38;2;50;53;78m[48;2;53;64;107m▀[0m[38;2;58;58;77m[48;2;4;4;14m▀[0m[38;2;37;31;35m[48;2;52;53;141m▀[0m[38;2;77;70;140m[48;2;84;87;191m▀[0m[38;2;102;99;180m[48;2;84;87;192m▀[0m[38;2;102;99;181m[48;2;84;87;192m▀[0m[38;2;102;99;181m[48;2;83;86;191m▀[0m[38;2;102;98;181m[48;2;67;70;173m▀[0m[38;2;102;99;181m[48;2;84;87;192m▀[0m[38;2;102;99;181m[48;2;84;87;192m▀[0m[38;2;102;98;180m[48;2;84;87;192m▀[0m[38;2;85;82;156m[48;2;83;86;191m▀[0m[38;2;38;31;35m[48;2;63;66;160m▀[0m[38;2;51;51;70m[48;2;5;5;14m▀[0m[38;2;57;57;78m[48;2;28;36;59m▀[0m[38;2;37;46;74m[48;2;113;113;103m▀[0m[38;2;20;29;54m[48;2;50;61;101m▀[0m[38;2;25;25;25m[48;2;22;22;22m▀[0m      [38;2;243;241;240m[48;2;163;163;163m▀[0m[38;2;137;120;120m[48;2;128;120;113m▀[0m[38;2;119;99;92m[48;2;189;171;151m▀[0m[38;2;222;196;174m[48;2;252;228;196m▀[0m[38;2;222;195;172m[48;2;242;215;180m▀[0m[38;2;211;179;152m[48;2;247;220;188m▀[0m[38;2;222;196;173m[48;2;254;232;201m▀[0m[38;2;223;196;174m[48;2;255;232;201m▀[0m[38;2;223;196;174m[48;2;246;219;186m▀[0m[38;2;216;186;161m[48;2;245;217;184m▀[0m[38;2;202;162;139m[48;2;239;210;179m▀[0m[38;2;173;137;119m[48;2;217;186;159m▀[0m[38;2;161;131;118m[48;2;205;174;148m▀[0m[38;2;196;165;141m[48;2;235;209;177m▀[0m[38;2;73;58;53m[48;2;143;120;102m▀[0m[38;2;178;138;119m[48;2;85;65;55m▀[0m[38;2;78;57;53m[48;2;142;126;111m▀[0m[38;2;145;137;136m[48;2;119;114;110m▀[0m[38;2;222;222;222m[48;2;190;190;190m▀[0m       [38;2;187;187;187m[48;2;67;67;67m▀[0m[38;2;115;113;105m[48;2;162;155;135m▀[0m[38;2;178;171;149m[48;2;239;230;199m▀[0m[38;2;239;230;199m[48;2;238;226;194m▀[0m[38;2;237;226;195m[48;2;234;214;182m▀[0m[38;2;236;220;188m[48;2;232;206;175m▀[0m[38;2;235;218;186m[48;2;235;216;185m▀[0m[38;2;229;207;175m[48;2;238;226;195m▀[0m[38;2;210;180;151m[48;2;230;207;176m▀[0m[38;2;200;169;141m[48;2;209;179;150m▀[0m[38;2;200;169;141m[48;2;200;169;141m▀[0m[38;2;233;210;180m[48;2;238;227;195m▀[0m[38;2;236;219;188m[48;2;234;213;182m▀[0m[38;2;238;228;197m[48;2;236;220;188m▀[0m[38;2;235;218;186m[48;2;238;228;197m▀[0m[38;2;140;126;108m[48;2;235;218;186m▀[0m[38;2;131;127;122m[48;2;105;96;81m▀[0m[38;2;208;208;207m[48;2;125;125;125m▀[0m        [38;2;204;188;181m▀[0m[38;2;166;136;125m[48;2;240;241;240m▀[0m[38;2;173;147;134m[48;2;99;100;100m▀[0m[38;2;169;142;131m[48;2;41;44;50m▀[0m[38;2;173;147;137m[48;2;76;82;94m▀[0m[38;2;172;145;134m[48;2;73;79;91m▀[0m[38;2;171;143;131m[48;2;64;69;81m▀[0m[38;2;171;143;131m[48;2;64;70;82m▀[0m[38;2;172;145;133m[48;2;75;80;93m▀[0m[38;2;173;145;133m[48;2;76;82;94m▀[0m[38;2;173;145;133m[48;2;76;82;94m▀[0m[38;2;172;144;132m[48;2;71;76;88m▀[0m[38;2;171;143;131m[48;2;65;70;82m▀[0m[38;2;172;142;131m[48;2;66;71;83m▀[0m[38;2;172;144;131m[48;2;76;80;92m▀[0m[38;2;159;130;117m[48;2;11;12;14m▀[0m[38;2;157;125;116m[48;2;201;202;201m▀[0m[38;2;207;193;188m▀[0m      
[38;2;11;11;12m[48;2;11;11;12m▀[0m[38;2;52;63;106m[48;2;33;42;68m▀[0m[38;2;60;71;114m[48;2;121;120;107m▀[0m[38;2;53;65;109m[48;2;24;31;54m▀[0m[38;2;2;2;7m[48;2;5;6;17m▀[0m[38;2;52;53;141m[48;2;67;70;170m▀[0m[38;2;84;87;191m[48;2;82;85;190m▀[0m[38;2;84;87;192m[48;2;84;87;192m▀[0m[38;2;84;87;192m[48;2;84;87;191m▀[0m[38;2;82;84;189m[48;2;52;52;145m▀[0m[38;2;67;70;172m[48;2;84;86;195m▀[0m[38;2;84;86;194m[48;2;78;76;212m▀[0m[38;2;83;86;191m[48;2;64;68;170m▀[0m[38;2;84;87;192m[48;2;84;87;192m▀[0m[38;2;84;87;192m[48;2;87;87;192m▀[0m[38;2;86;87;192m[48;2;99;92;192m▀[0m[38;2;82;85;190m[48;2;65;67;171m▀[0m[38;2;64;66;163m[48;2;75;74;204m▀[0m[38;2;5;5;10m[48;2;8;8;22m▀[0m[38;2;50;62;103m[48;2;20;28;51m▀[0m[38;2;20;28;52m[48;2;38;38;39m▀[0m[38;2;38;38;38m▀[0m     [38;2;159;159;159m[48;2;70;68;69m▀[0m[38;2;130;121;113m[48;2;154;139;121m▀[0m[38;2;191;174;151m[48;2;250;225;195m▀[0m[38;2;250;227;195m[48;2;237;207;173m▀[0m[38;2;244;217;182m[48;2;227;191;159m▀[0m[38;2;246;218;184m[48;2;254;232;201m▀[0m[38;2;253;232;201m[48;2;255;232;201m▀[0m[38;2;255;232;201m[48;2;253;232;202m▀[0m[38;2;245;219;187m[48;2;239;206;171m▀[0m[38;2;244;217;183m[48;2;248;223;191m▀[0m[38;2;250;226;194m[48;2;255;232;201m▀[0m[38;2;254;232;202m[48;2;255;232;201m▀[0m[38;2;248;222;187m[48;2;242;214;183m▀[0m[38;2;239;208;171m[48;2;227;192;158m▀[0m[38;2;254;230;199m[48;2;254;232;201m▀[0m[38;2;243;215;183m[48;2;253;232;203m▀[0m[38;2;130;111;94m[48;2;243;215;180m▀[0m[38;2;126;113;98m[48;2;44;38;33m▀[0m[38;2;130;117;106m[48;2;160;138;119m▀[0m[38;2;128;122;116m[48;2;98;84;73m▀[0m[38;2;185;184;185m[48;2;121;121;121m▀[0m    [48;2;222;222;222m▄[0m[38;2;210;210;210m[48;2;68;65;62m▀[0m[38;2;92;90;85m[48;2;189;179;154m▀[0m[38;2;178;171;148m[48;2;238;226;195m▀[0m[38;2;238;226;195m[48;2;234;213;181m▀[0m[38;2;234;213;182m[48;2;231;205;173m▀[0m[38;2;231;206;173m[48;2;235;217;185m▀[0m[38;2;235;217;185m[48;2;239;229;198m▀[0m[38;2;239;230;199m[48;2;238;227;195m▀[0m[38;2;239;230;199m[48;2;239;230;199m▀[0m[38;2;237;226;194m[48;2;234;222;192m▀[0m[38;2;223;195;165m[48;2;200;169;141m▀[0m[38;2;199;169;141m[48;2;207;169;146m▀[0m[38;2;238;227;195m[48;2;236;224;192m▀[0m[38;2;239;230;199m[48;2;239;230;198m▀[0m[38;2;232;209;177m[48;2;228;204;173m▀[0m[38;2;237;223;191m[48;2;234;218;187m▀[0m[38;2;239;230;199m[48;2;238;229;197m▀[0m[38;2;135;127;111m[48;2;232;212;181m▀[0m[38;2;125;122;118m[48;2;121;107;90m▀[0m[38;2;222;222;222m[48;2;105;105;105m▀[0m       [48;2;51;50;50m▄[0m[38;2;65;65;65m[48;2;59;64;72m▀[0m[38;2;50;52;59m[48;2;162;76;79m▀[0m[38;2;78;82;94m[48;2;156;78;83m▀[0m[38;2;73;78;90m[48;2;74;78;90m▀[0m[38;2;63;69;81m[48;2;66;71;83m▀[0m[38;2;63;69;81m[48;2;75;81;93m▀[0m[38;2;76;82;94m[48;2;77;82;94m▀[0m[38;2;76;82;94m[48;2;66;72;84m▀[0m[38;2;76;82;94m[48;2;73;79;91m▀[0m[38;2;76;82;94m[48;2;76;82;94m▀[0m[38;2;76;82;94m[48;2;76;82;94m▀[0m[38;2;73;78;90m[48;2;76;82;94m▀[0m[38;2;64;69;81m[48;2;75;81;93m▀[0m[38;2;64;69;81m[48;2;76;81;93m▀[0m[38;2;77;82;94m[48;2;76;82;94m▀[0m[38;2;17;16;18m[48;2;16;16;18m▀[0m[38;2;183;183;183m[48;2;183;183;183m▀[0m      
[38;2;35;35;35m▀[0m[38;2;20;27;52m[48;2;42;42;42m▀[0m[38;2;22;30;58m[48;2;20;27;51m▀[0m[38;2;1;1;5m[48;2;8;8;22m▀[0m[38;2;50;51;140m[48;2;52;53;144m▀[0m[38;2;84;86;191m[48;2;84;87;191m▀[0m[38;2;65;69;170m[48;2;65;69;170m▀[0m[38;2;84;87;192m[48;2;80;82;185m▀[0m[38;2;81;84;187m[48;2;55;55;154m▀[0m[38;2;54;54;152m[48;2;78;77;214m▀[0m[38;2;78;77;214m[48;2;78;77;215m▀[0m[38;2;77;76;212m[48;2;76;76;207m▀[0m[38;2;52;53;146m[48;2;77;73;154m▀[0m[38;2;87;88;192m[48;2;101;93;192m▀[0m[38;2;101;93;192m[48;2;99;92;188m▀[0m[38;2;97;90;187m[48;2;103;92;177m▀[0m[38;2;52;53;147m[48;2;51;53;147m▀[0m[38;2;78;77;215m[48;2;74;74;206m▀[0m[38;2;73;72;199m[48;2;76;75;209m▀[0m[38;2;24;24;33m[48;2;47;48;134m▀[0m[38;2;232;232;231m[48;2;24;24;35m▀[0m[48;2;225;225;225m▄[0m    [38;2;186;186;185m[48;2;41;40;41m▀[0m[38;2;104;95;87m[48;2;168;140;115m▀[0m[38;2;179;159;135m[48;2;234;201;166m▀[0m[38;2;243;217;184m[48;2;239;211;180m▀[0m[38;2;225;189;156m[48;2;225;192;165m▀[0m[38;2;207;166;138m[48;2;207;166;139m▀[0m[38;2;255;232;201m[48;2;255;232;201m▀[0m[38;2;255;232;201m[48;2;255;232;201m▀[0m[38;2;253;232;202m[48;2;253;232;202m▀[0m[38;2;228;193;161m[48;2;205;161;134m▀[0m[38;2;240;211;180m[48;2;224;185;152m▀[0m[38;2;251;228;197m[48;2;245;220;186m▀[0m[38;2;254;232;201m[48;2;254;233;202m▀[0m[38;2;233;205;175m[48;2;233;204;175m▀[0m[38;2;204;161;134m[48;2;199;150;125m▀[0m[38;2;237;209;181m[48;2;205;165;148m▀[0m[38;2;252;239;216m[48;2;213;212;211m▀[0m[38;2;253;233;202m[48;2;251;231;202m▀[0m[38;2;107;93;80m[48;2;238;207;169m▀[0m[38;2;117;90;76m[48;2;73;62;52m▀[0m[38;2;58;43;37m[48;2;33;30;31m▀[0m[38;2;121;120;120m[48;2;148;147;145m▀[0m    [38;2;30;31;30m[48;2;36;36;36m▀[0m[38;2;179;158;134m[48;2;13;12;12m▀[0m[38;2;213;189;160m[48;2;8;7;7m▀[0m[38;2;225;200;168m[48;2;161;154;134m▀[0m[38;2;230;206;172m[48;2;239;230;198m▀[0m[38;2;235;217;185m[48;2;234;216;184m▀[0m[38;2;239;229;197m[48;2;234;214;182m▀[0m[38;2;235;221;189m[48;2;235;220;188m▀[0m[38;2;232;211;178m[48;2;233;211;178m▀[0m[38;2;239;230;199m[48;2;237;225;193m▀[0m[38;2;234;220;190m[48;2;226;200;167m▀[0m[38;2;202;169;143m[48;2;203;171;146m▀[0m[38;2;252;170;175m[48;2;252;209;205m▀[0m[38;2;232;202;171m[48;2;231;204;173m▀[0m[38;2;238;225;193m[48;2;230;204;171m▀[0m[38;2;208;181;152m[48;2;207;177;148m▀[0m[38;2;220;192;162m[48;2;200;169;142m▀[0m[38;2;235;218;187m[48;2;219;190;160m▀[0m[38;2;217;194;166m[48;2;213;184;153m▀[0m[38;2;108;91;77m[48;2;108;91;77m▀[0m[38;2;105;105;105m[48;2;105;105;105m▀[0m      [48;2;97;97;97m▄[0m[38;2;34;34;33m[48;2;57;59;65m▀[0m[38;2;152;61;60m[48;2;189;70;69m▀[0m[38;2;186;65;72m[48;2;159;72;79m▀[0m[38;2;188;66;73m[48;2;165;73;79m▀[0m[38;2;155;74;77m[48;2;174;69;70m▀[0m[38;2;66;71;83m[48;2;56;62;74m▀[0m[38;2;76;82;94m[48;2;76;82;94m▀[0m[38;2;77;82;94m[48;2;76;82;94m▀[0m[38;2;54;59;71m[48;2;50;56;68m▀[0m[38;2;69;75;87m[48;2;69;74;86m▀[0m[38;2;76;82;94m[48;2;73;77;89m▀[0m[38;2;76;82;94m[48;2;73;77;89m▀[0m[38;2;76;82;94m[48;2;76;82;94m▀[0m[38;2;75;80;92m[48;2;74;78;90m▀[0m[38;2;67;72;84m[48;2;54;59;71m▀[0m[38;2;76;82;94m[48;2;76;82;94m▀[0m[38;2;63;67;77m[48;2;76;82;94m▀[0m[38;2;62;63;65m[48;2;26;28;30m▀[0m[38;2;174;174;174m[48;2;151;151;151m▀[0m     
  [38;2;10;10;11m[48;2;10;10;11m▀[0m[38;2;51;51;139m[48;2;51;51;139m▀[0m[38;2;68;71;173m[48;2;84;86;191m▀[0m[38;2;84;87;192m[48;2;84;87;191m▀[0m[38;2;63;66;166m[48;2;62;63;151m▀[0m[38;2;51;52;145m[48;2;84;77;154m▀[0m[38;2;74;73;203m[48;2;84;83;158m▀[0m[38;2;75;73;204m[48;2;55;56;145m▀[0m[38;2;75;73;202m[48;2;87;85;157m▀[0m[38;2;99;93;176m[48;2;247;211;211m▀[0m[38;2;228;190;199m[48;2;130;112;152m▀[0m[38;2;98;92;186m[48;2;114;114;182m▀[0m[38;2;116;107;182m[48;2;249;240;234m▀[0m[38;2;227;188;197m[48;2;137;116;153m▀[0m[38;2;80;74;151m[48;2;243;207;210m▀[0m[38;2;52;53;147m[48;2;51;52;141m▀[0m[38;2;72;71;197m[48;2;42;44;114m▀[0m[38;2;44;44;122m[48;2;42;42;43m▀[0m[38;2;43;44;115m[48;2;58;58;59m▀[0m[38;2;57;57;58m▀[0m    [38;2;41;40;41m[48;2;41;40;41m▀[0m[38;2;145;109;89m[48;2;146;110;89m▀[0m[38;2;226;193;166m[48;2;196;151;124m▀[0m[38;2;224;189;161m[48;2;215;176;144m▀[0m[38;2;198;151;125m[48;2;224;182;152m▀[0m[38;2;209;165;138m[48;2;207;166;138m▀[0m[38;2;255;232;201m[48;2;253;232;201m▀[0m[38;2;255;232;201m[48;2;254;231;199m▀[0m[38;2;253;232;203m[48;2;253;233;202m▀[0m[38;2;205;162;134m[48;2;205;163;135m▀[0m[38;2;224;185;150m[48;2;224;184;152m▀[0m[38;2;243;214;183m[48;2;209;169;140m▀[0m[38;2;250;227;197m[48;2;213;172;141m▀[0m[38;2;232;202;172m[48;2;222;183;150m▀[0m[38;2;208;159;140m[48;2;209;161;141m▀[0m[38;2;226;189;190m[48;2;242;200;206m▀[0m[38;2;71;64;75m[48;2;246;205;203m▀[0m[38;2;237;214;187m[48;2;199;152;127m▀[0m[38;2;235;201;167m[48;2;191;146;117m▀[0m[38;2;73;61;52m[48;2;66;50;44m▀[0m[38;2;150;148;147m[48;2;153;152;152m▀[0m      [48;2;57;57;57m▄[0m[38;2;66;66;65m[48;2;146;125;106m▀[0m[38;2;155;138;116m[48;2;217;189;159m▀[0m[38;2;235;219;188m[48;2;235;219;187m▀[0m[38;2;219;198;169m[48;2;219;198;169m▀[0m[38;2;213;184;154m[48;2;201;170;142m▀[0m[38;2;230;204;171m[48;2;211;182;153m▀[0m[38;2;232;211;178m[48;2;230;204;172m▀[0m[38;2;237;225;194m[48;2;235;206;179m▀[0m[38;2;232;205;176m[48;2;251;212;207m▀[0m[38;2;251;210;206m[48;2;251;239;229m▀[0m[38;2;254;246;235m[48;2;176;67;73m▀[0m[38;2;231;205;175m[48;2;247;201;197m▀[0m[38;2;230;203;172m[48;2;234;204;175m▀[0m[38;2;248;207;199m[48;2;189;92;90m▀[0m[38;2;215;180;160m[48;2;229;165;164m▀[0m[38;2;200;169;141m[48;2;218;183;163m▀[0m[38;2;200;169;141m[48;2;200;169;141m▀[0m[38;2;108;91;77m[48;2;107;91;77m▀[0m[38;2;105;105;105m[48;2;105;105;105m▀[0m      [38;2;6;6;6m[48;2;6;6;6m▀[0m[38;2;70;73;84m[48;2;70;73;84m▀[0m[38;2;195;76;77m[48;2;176;70;76m▀[0m[38;2;165;70;79m[48;2;160;62;72m▀[0m[38;2;172;71;77m[48;2;165;63;72m▀[0m[38;2;172;67;69m[48;2;156;62;68m▀[0m[38;2;50;56;68m[48;2;49;55;67m▀[0m[38;2;71;75;87m[48;2;63;69;81m▀[0m[38;2;77;82;94m[48;2;77;82;94m▀[0m[38;2;50;56;68m[48;2;50;56;68m▀[0m[38;2;64;70;82m[48;2;54;60;72m▀[0m[38;2;62;67;79m[48;2;94;88;99m▀[0m[38;2;64;70;82m[48;2;95;92;101m▀[0m[38;2;74;80;92m[48;2;63;69;81m▀[0m[38;2;66;72;84m[48;2;55;61;73m▀[0m[38;2;48;53;65m[48;2;48;53;65m▀[0m[38;2;76;82;94m[48;2;76;82;94m▀[0m[38;2;72;77;88m[48;2;65;71;82m▀[0m[38;2;25;26;29m[48;2;23;24;27m▀[0m[38;2;151;151;151m[48;2;151;151;151m▀[0m     
  [38;2;10;10;11m[48;2;10;10;11m▀[0m[38;2;55;57;142m[48;2;82;87;156m▀[0m[38;2;81;83;188m[48;2;68;72;168m▀[0m[38;2;84;87;191m[48;2;81;84;185m▀[0m[38;2;139;140;195m[48;2;238;237;253m▀[0m[38;2;226;192;203m[48;2;117;115;165m▀[0m[38;2;250;230;224m[48;2;197;133;139m▀[0m[38;2;109;102;165m[48;2;229;186;184m▀[0m[48;2;253;238;229m▄[0m[38;2;251;242;234m[48;2;253;245;236m▀[0m[38;2;148;130;167m[48;2;214;202;229m▀[0m[38;2;255;246;236m[48;2;255;247;237m▀[0m[38;2;250;241;233m[48;2;253;245;236m▀[0m[38;2;149;132;167m[48;2;212;200;227m▀[0m[38;2;245;237;231m[48;2;192;187;180m▀[0m[38;2;43;43;112m[48;2;23;23;41m▀[0m[38;2;62;62;63m▀[0m       [38;2;42;40;41m[48;2;41;40;41m▀[0m[38;2;173;146;121m[48;2;173;148;121m▀[0m[38;2;245;217;186m[48;2;246;220;188m▀[0m[38;2;244;216;183m[48;2;253;230;199m▀[0m[38;2;223;183;152m[48;2;232;201;172m▀[0m[38;2;208;165;140m[48;2;205;160;132m▀[0m[38;2;252;229;199m[48;2;234;200;164m▀[0m[38;2;235;202;167m[48;2;199;155;126m▀[0m[38;2;251;231;199m[48;2;250;228;197m▀[0m[38;2;205;161;136m[48;2;204;162;134m▀[0m[38;2;197;149;123m[48;2;229;183;174m▀[0m[38;2;136;117;144m[48;2;152;136;177m▀[0m[38;2;141;122;143m[48;2;163;161;193m▀[0m[38;2;213;168;150m[48;2;249;236;224m▀[0m[38;2;212;179;194m[48;2;215;208;217m▀[0m[38;2;112;113;168m[48;2;106;110;167m▀[0m[38;2;252;242;233m[48;2;253;244;232m▀[0m[38;2;199;154;129m[48;2;198;155;130m▀[0m[38;2;42;29;25m[48;2;36;26;22m▀[0m[38;2;174;172;172m[48;2;176;176;176m▀[0m       [38;2;47;47;48m[48;2;48;47;47m▀[0m[38;2;152;129;108m[48;2;102;120;101m▀[0m[38;2;203;172;143m[48;2;177;165;139m▀[0m[38;2;220;193;163m[48;2;204;173;145m▀[0m[38;2;239;205;187m[48;2;230;175;164m▀[0m[38;2;226;188;174m[48;2;248;186;185m▀[0m[38;2;211;181;152m[48;2;230;192;177m▀[0m[38;2;230;204;171m[48;2;212;183;154m▀[0m[38;2;235;211;183m[48;2;231;205;174m▀[0m[38;2;254;243;232m[48;2;237;216;191m▀[0m[38;2;252;241;230m[48;2;253;242;230m▀[0m[38;2;174;58;64m[48;2;237;107;94m▀[0m[38;2;248;234;225m[48;2;252;240;229m▀[0m[38;2;251;242;228m[48;2;254;247;236m▀[0m[38;2;189;93;95m[48;2;241;133;120m▀[0m[38;2;230;189;183m[48;2;248;206;195m▀[0m[38;2;219;195;173m[48;2;119;113;105m▀[0m[38;2;104;88;75m[48;2;135;132;130m▀[0m[38;2;123;121;120m[48;2;230;230;230m▀[0m[38;2;236;236;236m▀[0m      [38;2;6;6;6m[48;2;6;6;6m▀[0m[38;2;70;73;84m[48;2;70;73;84m▀[0m[38;2;153;64;76m[48;2;184;75;76m▀[0m[38;2;107;62;74m[48;2;115;60;67m▀[0m[38;2;113;62;75m[48;2;132;65;71m▀[0m[38;2;136;56;68m[48;2;177;76;78m▀[0m[38;2;50;55;67m[48;2;63;67;78m▀[0m[38;2;65;70;82m[48;2;68;71;82m▀[0m[38;2;115;110;119m[48;2;252;208;206m▀[0m[38;2;95;89;98m[48;2;253;211;207m▀[0m[38;2;73;56;67m[48;2;162;74;78m▀[0m[38;2;175;147;149m[48;2;202;157;153m▀[0m[38;2;182;163;164m[48;2;255;247;236m▀[0m[38;2;84;81;89m[48;2;218;185;178m▀[0m[38;2;70;53;63m[48;2;150;56;59m▀[0m[38;2;92;86;96m[48;2;248;210;206m▀[0m[38;2;76;82;94m[48;2;78;82;94m▀[0m[38;2;65;71;82m[48;2;64;70;81m▀[0m[38;2;23;24;27m[48;2;23;24;27m▀[0m[38;2;151;151;151m[48;2;151;151;151m▀[0m     
  [38;2;10;10;11m[48;2;10;10;11m▀[0m[38;2;106;115;169m[48;2;137;151;194m▀[0m[38;2;84;90;162m[48;2;110;120;176m▀[0m[38;2;70;74;166m[48;2;85;92;161m▀[0m[38;2;196;197;212m[48;2;59;65;84m▀[0m[38;2;88;88;94m[48;2;46;48;56m▀[0m[38;2;19;20;23m[48;2;73;77;90m▀[0m[38;2;121;85;90m[48;2;29;30;36m▀[0m[38;2;221;189;188m[48;2;121;125;133m▀[0m[38;2;242;236;232m[48;2;213;217;228m▀[0m[38;2;211;206;201m[48;2;107;109;123m▀[0m[38;2;244;230;206m[48;2;220;188;116m▀[0m[38;2;209;204;200m[48;2;110;114;126m▀[0m[38;2;186;181;173m[48;2;4;4;6m▀[0m[38;2;19;19;26m[48;2;61;65;76m▀[0m[38;2;56;56;119m[48;2;33;33;33m▀[0m        [38;2;41;40;41m[48;2;41;40;40m▀[0m[38;2;132;143;122m[48;2;121;142;123m▀[0m[38;2;223;217;187m[48;2;178;202;173m▀[0m[38;2;254;232;201m[48;2;221;218;191m▀[0m[38;2;225;226;196m[48;2;208;219;192m▀[0m[38;2;179;200;173m[48;2;126;188;168m▀[0m[38;2;203;157;129m[48;2;73;63;53m▀[0m[38;2;196;148;121m[48;2;63;47;39m▀[0m[38;2;237;204;169m[48;2;157;124;104m▀[0m[38;2;237;195;186m[48;2;241;197;193m▀[0m[38;2;247;224;215m[48;2;251;233;226m▀[0m[38;2;201;191;222m[48;2;242;231;231m▀[0m[38;2;207;201;224m[48;2;243;233;233m▀[0m[38;2;254;244;235m[48;2;254;244;234m▀[0m[38;2;235;226;231m[48;2;250;240;233m▀[0m[38;2;175;169;217m[48;2;216;207;214m▀[0m[38;2;251;243;233m[48;2;79;77;75m▀[0m[38;2;55;44;38m[48;2;74;117;104m▀[0m[38;2;176;175;173m[48;2;222;232;229m▀[0m[38;2;240;240;240m▀[0m      [38;2;90;90;90m[48;2;30;30;30m▀[0m[38;2;85;108;94m[48;2;37;49;41m▀[0m[38;2;110;145;122m[48;2;44;57;48m▀[0m[38;2;172;164;138m[48;2;63;60;50m▀[0m[38;2;200;169;141m[48;2;148;125;105m▀[0m[38;2;207;169;145m[48;2;191;162;136m▀[0m[38;2;213;173;154m[48;2;72;62;53m▀[0m[38;2;71;60;57m[48;2;167;167;167m▀[0m[38;2;61;53;46m[48;2;170;170;170m▀[0m[38;2;215;162;156m[48;2;103;82;83m▀[0m[38;2;248;211;201m[48;2;121;142;154m▀[0m[38;2;254;246;234m[48;2;134;176;190m▀[0m[38;2;252;213;199m[48;2;180;202;213m▀[0m[38;2;254;245;234m[48;2;181;202;213m▀[0m[38;2;255;247;236m[48;2;216;220;225m▀[0m[38;2;252;219;206m[48;2;115;113;111m▀[0m[38;2;123;112;105m[48;2;146;146;144m▀[0m[38;2;121;106;92m[48;2;88;82;76m▀[0m[38;2;208;199;190m[48;2;190;184;178m▀[0m        [38;2;6;6;6m[48;2;6;6;6m▀[0m[38;2;70;73;84m[48;2;60;63;74m▀[0m[38;2;55;59;71m[48;2;50;56;68m▀[0m[38;2;48;52;64m[48;2;46;52;64m▀[0m[38;2;141;105;114m[48;2;54;56;68m▀[0m[38;2;251;192;193m[48;2;122;97;106m▀[0m[38;2;218;212;205m[48;2;215;152;157m▀[0m[38;2;53;56;67m[48;2;52;57;68m▀[0m[38;2;252;208;206m[48;2;253;244;234m▀[0m[38;2;253;242;232m[48;2;255;247;236m▀[0m[38;2;163;83;84m[48;2;241;148;145m▀[0m[38;2;203;157;153m[48;2;246;192;186m▀[0m[38;2;255;247;236m[48;2;255;247;236m▀[0m[38;2;218;184;178m[48;2;247;209;202m▀[0m[38;2;150;61;63m[48;2;238;135;133m▀[0m[38;2;251;245;233m[48;2;251;244;234m▀[0m[38;2;77;83;94m[48;2;50;55;67m▀[0m[38;2;50;56;69m[48;2;46;52;65m▀[0m[38;2;18;19;23m[48;2;18;19;23m▀[0m[38;2;151;151;151m[48;2;151;151;151m▀[0m     
  [38;2;77;77;77m▀[0m[38;2;103;113;145m[48;2;84;84;85m▀[0m[38;2;141;156;200m[48;2;174;185;213m▀[0m[38;2;110;121;176m[48;2;175;186;217m▀[0m[38;2;81;90;116m[48;2;175;186;217m▀[0m[38;2;50;53;64m[48;2;117;122;133m▀[0m[38;2;44;47;56m[48;2;75;75;75m▀[0m[38;2;25;27;34m[48;2;43;45;59m▀[0m[38;2;106;111;121m[48;2;61;65;84m▀[0m[38;2;196;197;200m[48;2;108;110;120m▀[0m[38;2;167;171;184m[48;2;121;125;139m▀[0m[38;2;193;180;127m[48;2;119;123;137m▀[0m[38;2;195;196;200m[48;2;60;64;82m▀[0m[38;2;14;15;19m[48;2;43;46;57m▀[0m[38;2;39;42;50m[48;2;98;98;98m▀[0m[38;2;93;93;93m▀[0m        [38;2;42;40;40m[48;2;149;148;148m▀[0m[38;2;120;143;124m[48;2;97;104;98m▀[0m[38;2;163;193;168m[48;2;129;154;134m▀[0m[38;2;168;191;164m[48;2;142;178;148m▀[0m[38;2;150;177;149m[48;2;116;153;124m▀[0m[38;2;46;74;66m[48;2;6;4;3m▀[0m[38;2;139;139;133m[48;2;220;213;204m▀[0m[38;2;154;148;141m[48;2;247;211;210m▀[0m[38;2;109;94;86m[48;2;97;78;80m▀[0m[38;2;156;141;144m[48;2;103;105;113m▀[0m[38;2;222;217;224m[48;2;221;225;233m▀[0m[38;2;221;223;227m[48;2;227;231;237m▀[0m[38;2;197;220;217m[48;2;194;227;210m▀[0m[38;2;187;219;213m[48;2;181;225;199m▀[0m[38;2;194;196;197m[48;2;178;180;186m▀[0m[38;2;108;102;99m[48;2;32;25;24m▀[0m[38;2;153;148;142m[48;2;243;200;201m▀[0m[38;2;57;78;70m[48;2;28;20;19m▀[0m[38;2;213;218;216m[48;2;202;202;202m▀[0m       [38;2;164;164;164m▀[0m[38;2;154;154;154m▀[0m[38;2;154;154;154m▀[0m[38;2;154;154;154m▀[0m[38;2;113;106;99m[48;2;187;187;187m▀[0m[38;2;79;68;57m[48;2;140;140;140m▀[0m[38;2;6;6;6m[48;2;138;138;138m▀[0m[48;2;121;121;121m▄[0m[38;2;227;230;238m[48;2;100;102;107m▀[0m[38;2;44;45;47m[48;2;55;86;98m▀[0m[38;2;66;121;140m[48;2;84;155;175m▀[0m[38;2;74;141;167m[48;2;73;139;164m▀[0m[38;2;208;224;232m[48;2;142;146;152m▀[0m[38;2;209;224;231m[48;2;143;146;152m▀[0m[38;2;204;211;224m[48;2;169;174;195m▀[0m[38;2;45;46;49m[48;2;124;128;138m▀[0m[38;2;162;165;171m[48;2;102;104;112m▀[0m[38;2;59;60;62m[48;2;129;130;131m▀[0m[38;2;174;173;171m[48;2;218;218;218m▀[0m        [38;2;6;6;6m[48;2;6;6;6m▀[0m[38;2;47;50;61m[48;2;44;47;58m▀[0m[38;2;47;53;65m[48;2;46;52;64m▀[0m[38;2;46;52;64m[48;2;47;52;63m▀[0m[38;2;47;52;64m[48;2;20;22;27m▀[0m[38;2;35;29;33m[48;2;147;143;137m▀[0m[38;2;51;36;38m[48;2;169;164;157m▀[0m[38;2;125;90;96m[48;2;123;106;105m▀[0m[38;2;252;216;212m[48;2;106;92;97m▀[0m[38;2;254;243;233m[48;2;208;208;215m▀[0m[38;2;251;226;217m[48;2;220;222;228m▀[0m[38;2;253;236;226m[48;2;203;162;168m▀[0m[38;2;255;247;236m[48;2;205;165;170m▀[0m[38;2;253;239;229m[48;2;184;184;187m▀[0m[38;2;220;194;187m[48;2;103;100;96m▀[0m[38;2;59;58;56m[48;2;131;127;122m▀[0m[38;2;61;65;77m[48;2;29;31;36m▀[0m[38;2;59;65;77m[48;2;64;69;81m▀[0m[38;2;22;23;26m[48;2;23;24;27m▀[0m[38;2;151;151;151m[48;2;151;151;151m▀[0m     
         [38;2;26;26;26m▀[0m[38;2;28;28;28m▀[0m   [38;2;25;25;25m▀[0m[38;2;36;36;36m▀[0m           [38;2;140;140;140m▀[0m[38;2;101;111;103m[48;2;148;147;147m▀[0m[38;2;111;139;117m[48;2;119;129;120m▀[0m[38;2;119;155;127m[48;2;160;188;165m▀[0m[38;2;51;64;53m[48;2;161;188;166m▀[0m[38;2;142;139;134m[48;2;87;90;86m▀[0m[38;2;152;110;116m[48;2;76;74;74m▀[0m[38;2;71;52;58m[48;2;26;27;31m▀[0m[38;2;85;89;98m[48;2;41;45;51m▀[0m[38;2;166;169;174m[48;2;89;93;100m▀[0m[38;2;176;179;182m[48;2;113;118;123m▀[0m[38;2;160;175;159m[48;2;113;117;124m▀[0m[38;2;153;174;149m[48;2;86;90;98m▀[0m[38;2;143;145;148m[48;2;41;43;51m▀[0m[38;2;34;31;33m[48;2;39;40;46m▀[0m[38;2;150;99;107m[48;2;76;75;75m▀[0m[38;2;105;98;99m[48;2;236;237;237m▀[0m[38;2;223;222;222m▀[0m              [38;2;127;127;127m▀[0m[38;2;97;101;102m[48;2;198;198;198m▀[0m[38;2;56;104;122m[48;2;41;42;42m▀[0m[38;2;89;148;166m[48;2;69;69;69m▀[0m[38;2;158;191;205m▀[0m[38;2;145;147;155m▀[0m[38;2;145;147;154m▀[0m[38;2;120;125;147m[48;2;68;68;68m▀[0m[38;2;151;156;170m[48;2;41;41;41m▀[0m[38;2;133;135;138m[48;2;194;194;194m▀[0m[38;2;223;223;222m▀[0m         [38;2;131;131;131m▀[0m[38;2;39;40;45m[48;2;112;111;112m▀[0m[38;2;26;29;34m[48;2;94;93;94m▀[0m[38;2;26;29;34m[48;2;94;94;94m▀[0m[38;2;6;6;7m[48;2;92;92;92m▀[0m[38;2;218;211;202m[48;2;156;151;145m▀[0m[38;2;251;218;213m[48;2;165;124;125m▀[0m[38;2;113;93;92m[48;2;87;64;70m▀[0m[38;2;35;38;45m[48;2;57;63;71m▀[0m[38;2;126;131;149m[48;2;66;73;91m▀[0m[38;2;125;130;145m[48;2;49;53;68m▀[0m[38;2;168;89;100m[48;2;117;57;64m▀[0m[38;2;165;92;101m[48;2;113;57;64m▀[0m[38;2;90;93;103m[48;2;39;42;53m▀[0m[38;2;45;37;37m[48;2;48;41;49m▀[0m[38;2;196;161;159m[48;2;149;106;108m▀[0m[38;2;9;8;9m[48;2;92;92;92m▀[0m[38;2;34;37;43m[48;2;94;94;94m▀[0m[38;2;104;104;106m[48;2;209;209;209m▀[0m[38;2;203;203;203m▀[0m     
                                  [38;2;60;60;58m▀[0m[38;2;49;48;48m▀[0m[38;2;194;194;194m▀[0m  [38;2;185;185;185m▀[0m[38;2;49;48;48m▀[0m[38;2;72;71;71m▀[0m                                          [38;2;90;90;90m▀[0m[38;2;52;52;52m[48;2;213;213;213m▀[0m[38;2;31;33;43m[48;2;23;20;20m▀[0m[38;2;71;75;86m[48;2;23;20;20m▀[0m[38;2;102;106;121m[48;2;224;224;224m▀[0m[38;2;95;98;109m▀[0m[38;2;91;94;104m▀[0m[38;2;67;69;79m[48;2;152;152;152m▀[0m[38;2;39;42;54m[48;2;23;20;20m▀[0m[38;2;52;55;69m[48;2;59;57;56m▀[0m[38;2;106;106;105m▀[0m         
